1223303227046119	
1224427520176409	
1223473443408239	
1158265017499755	
1157938617551679	
1222249763449843	
1156099912699677	
1158412041135683	
1156431421293787	
1221664001560315	
1158252842153787	
1156252069415183	
1157158775259677	
1155224079288750	
1219899706363701	
1154961039020457	
1155507740293267	
1154688239667998	
1220203683893729	
1218504668613744	
1154602141281460	
1219244498439641	
1217414276788707	
1219351683842824	
1153801825920982	
1154710613407170	
1154670777994674	
1218321773119430	
1218313294220412	
1152822636103972	
1218094734961735	
1218660328087840	
1216235237497136	
1218310084232824	
1154984689770367	
1153934937438876	
1152024232851888	
1216295706208424	
1217605441831942	
1216066101366716	
1214965793475238	
1214933317386137	
1215942884813569	
1214131044010322	
1212558240914774	
1206951704966136	
1144790796299755	
1146265011201093	
1201933145176412	
1146003885648052	
1142964862808953	
1197491714279203	
1196587392104110	
1197466743605409	
1141510447778695	
1196971853433926	
1138803739786453	
1139451567493153	
1193460984183638	
1136362943653682	
1134036872205683	
1132012069101855	
1130439573064975	
1130115897592556	
1186070265686022	
1185020512437725	
1126600555959755	
1129316520939755	
1183465775342129	
1124702445364975	
1121555102194756	
1173919232412944	
1117217494714975	
1166654270935335	
1166674581179842	
1111136376118787	
1164247066238818	
1165074735844036	
1107827757574267	
1109768370485183	
1107250478862993	
