1219899706363701
1220203683893729
1154688239667998
1155507740293267
1154961039020457
1157158775259677
1156099912699677
1221664001560315

1156431421293787
1222249763449843
1157938617551679
1223303227046119
1224427520176409

116667458119842
1117217494714975


1173919232412944

1124702445364975


1134036872205683


1146265011201093
1215942884813569
1214131044010322
1214933317386137
1146003885648052
1214965793475238
1216066101366716
1217605441831942
1216295706208424
1152024232851888





1218094734961735
1218660328087840
1218660328087840
1216235237497136
1218313294220412
1152822636103972
1218313294220412
1154670777994674
1154710613407170


1153801825920982
1212558240914774
1217414276788707
1219244498439641





1218504668613744

1130439573064975
1111136376118787


1121555102194756




1158412041135683

1197466743605409










1218310084232824
1153934937438876

1126600555959755


1113379228966412
1113916341693682
1116872966893433
1121150112459567









1128993454853153

1132919694168695
1098543087976453
1105227886124190









1150197611462746
1116890743396456

1144790796299755


1201933145176412
1136362943653682

1122120349719567
1123516838398846


1197491714279203
1141861765309025

1139451567493153

1141510447778695
1138803739786453








1111970587164288
1144790796299755

1126600555959755
1126600555959755
904879495839559
916630318385183

937963496925183

971372694705183

1109768370485183

1156252069415183
917469748308750

1050686480328750

1104487700558750

1125489955288750

1155224079288750
979282997464110
981345062962735
964040024882830
903582433473568

907035139353568

910037938303568

913878510073568

919460413243568

920426966813568

923153288803568

927551713373568

934941848063568

944916911283568

959206579173568

960095945043568

967019847473568